0,472
0,386
0,243
95,35
3,2
3,1
3,3
10,119
10,27
10,91
10,291
10,242
10,116
10,205
10,16
91,4
91,3
9,7
9,4
91,2
91,1
91,0
84,4
84,3
9,6
9,2
84,2
9,3
84,1
84,0
82,4
82,3
8,9
8,4
82,2
82,1
82,0
79,5
79,4
79,3
8,6
8,11
8,12
8,2
79,2
79,1
79,0
78,4
78,3
78,2
78,1
78,0
77,3
77,2
77,1
77,0
75,4
75,3
75,2
75,1
75,0
39,3
39,2
39,1
12,3
12,2
12,1
11,28
11,27
11,26
11,25
11,24
11,23
11,22
11,21
11,20
11,19
11,18
11,17
11,16
11,15
11,13
11,12
11,11
11,9
11,8
11,7
11,6
11,5
11,4
11,3
20,2
20,1
11,2
11,1
10,300
20,3
10,295
10,293
10,281
10,278
10,276
10,268
10,267
19,2
19,1
10,260
10,259
19,3
10,258
10,257
10,255
10,251
10,243
10,240
10,238
10,236
10,232
