10,116
10,166
10,64
10,184
10,238
10,95
10,85
10,188
11,13
11,4
8,14
72,5
72,4
72,3
72,2
72,1
67,3
67,1
60,3
60,1
59,4
59,3
59,1
58,4
58,3
58,1
25,3
25,2
25,1
25,0
20,3
20,2
20,1
19,3
19,2
19,1
12,3
12,2
12,1
11,28
11,27
11,26
11,25
11,24
11,23
11,22
11,21
11,20
11,19
11,18
11,17
11,16
11,15
11,14
11,12
11,11
11,9
11,8
11,7
11,6
11,5
11,3
11,2
11,1
10,279
10,273
10,261
10,250
10,239
10,217
10,207
10,187
10,183
10,180
10,170
10,162
10,157
10,154
10,130
10,129
10,91
10,73
10,72
18,1
10,22
18,3
14,1
10,20
14,3
10,7
13,1
10,3
13,3
10,2
10,1
9,7
9,5
9,3
9,2
9,1
8,15
8,13
